"CountyName","AdministeredCount","AdministeredCountChange","AdministeredCountRollAvg","PersonsFullyVaccinated","Report_Date","PctVaccinatedPopulation","Date","PersonsDose1","PercentDose1","Dose1Change","Dose2Change","Text"
"Champaign",8,8,1,0,"12/16/2020 12:00:00 AM",0,2020-12-16,8,3.80983222451341e-05,NA,NA,"8 total doses administered in the past day, up 8 from the day before. 
8 have received the first dose, up NA from the day before. 0.0% of the population has received first dose. 
0 have received both doses, up NA from the day before. 0.0% of the population is fully vaccinated."
"Champaign",191,183,27,0,"12/17/2020 12:00:00 AM",0,2020-12-17,191,0.000909597443602577,183,0,"191 total doses administered in the past day, up 183 from the day before. 
191 have received the first dose, up 183 from the day before. 0.1% of the population has received first dose. 
0 have received both doses, up 0 from the day before. 0.0% of the population is fully vaccinated."
"Champaign",477,286,68,0,"12/18/2020 12:00:00 AM",0,2020-12-18,477,0.00227161246386612,286,0,"477 total doses administered in the past day, up 286 from the day before. 
477 have received the first dose, up 286 from the day before. 0.2% of the population has received first dose. 
0 have received both doses, up 0 from the day before. 0.0% of the population is fully vaccinated."
"Champaign",480,3,69,0,"12/19/2020 12:00:00 AM",0,2020-12-19,480,0.00228589933470805,3,0,"480 total doses administered in the past day, up 3 from the day before. 
480 have received the first dose, up 3 from the day before. 0.2% of the population has received first dose. 
0 have received both doses, up 0 from the day before. 0.0% of the population is fully vaccinated."
"Champaign",481,1,69,0,"12/20/2020 12:00:00 AM",0,2020-12-20,481,0.00229066162498869,1,0,"481 total doses administered in the past day, up 1 from the day before. 
481 have received the first dose, up 1 from the day before. 0.2% of the population has received first dose. 
0 have received both doses, up 0 from the day before. 0.0% of the population is fully vaccinated."
"Champaign",482,1,69,0,"12/21/2020 12:00:00 AM",0,2020-12-21,482,0.00229542391526933,1,0,"482 total doses administered in the past day, up 1 from the day before. 
482 have received the first dose, up 1 from the day before. 0.2% of the population has received first dose. 
0 have received both doses, up 0 from the day before. 0.0% of the population is fully vaccinated."
"Champaign",510,28,73,0,"12/22/2020 12:00:00 AM",0,2020-12-22,510,0.0024287680431273,28,0,"510 total doses administered in the past day, up 28 from the day before. 
510 have received the first dose, up 28 from the day before. 0.2% of the population has received first dose. 
0 have received both doses, up 0 from the day before. 0.0% of the population is fully vaccinated."
"Champaign",1009,499,143,0,"12/23/2020 12:00:00 AM",0,2020-12-23,1009,0.00480515089316754,499,0,"1,009 total doses administered in the past day, up 499 from the day before. 
1,009 have received the first dose, up 499 from the day before. 0.5% of the population has received first dose. 
0 have received both doses, up 0 from the day before. 0.0% of the population is fully vaccinated."
"Champaign",1388,379,171,0,"12/24/2020 12:00:00 AM",0,2020-12-24,1388,0.00661005890953077,379,0,"1,388 total doses administered in the past day, up 379 from the day before. 
1,388 have received the first dose, up 379 from the day before. 0.7% of the population has received first dose. 
0 have received both doses, up 0 from the day before. 0.0% of the population is fully vaccinated."
"Champaign",1683,295,172,0,"12/25/2020 12:00:00 AM",0,2020-12-25,1683,0.00801493454232009,295,0,"1,683 total doses administered in the past day, up 295 from the day before. 
1,683 have received the first dose, up 295 from the day before. 0.8% of the population has received first dose. 
0 have received both doses, up 0 from the day before. 0.0% of the population is fully vaccinated."
"Champaign",1856,173,197,0,"12/26/2020 12:00:00 AM",0,2020-12-26,1856,0.00883881076087112,173,0,"1,856 total doses administered in the past day, up 173 from the day before. 
1,856 have received the first dose, up 173 from the day before. 0.9% of the population has received first dose. 
0 have received both doses, up 0 from the day before. 0.0% of the population is fully vaccinated."
"Champaign",1857,1,197,0,"12/27/2020 12:00:00 AM",0,2020-12-27,1857,0.00884357305115176,1,0,"1,857 total doses administered in the past day, up 1 from the day before. 
1,857 have received the first dose, up 1 from the day before. 0.9% of the population has received first dose. 
0 have received both doses, up 0 from the day before. 0.0% of the population is fully vaccinated."
"Champaign",2045,188,223,0,"12/28/2020 12:00:00 AM",0,2020-12-28,2045,0.00973888362391241,188,0,"2,045 total doses administered in the past day, up 188 from the day before. 
2,045 have received the first dose, up 188 from the day before. 1.0% of the population has received first dose. 
0 have received both doses, up 0 from the day before. 0.0% of the population is fully vaccinated."
"Champaign",2201,156,242,0,"12/29/2020 12:00:00 AM",0,2020-12-29,2201,0.0104818009076925,156,0,"2,201 total doses administered in the past day, up 156 from the day before. 
2,201 have received the first dose, up 156 from the day before. 1.0% of the population has received first dose. 
0 have received both doses, up 0 from the day before. 0.0% of the population is fully vaccinated."
"Champaign",2800,599,256,0,"12/30/2020 12:00:00 AM",0,2020-12-30,2800,0.0133344127857969,599,0,"2,800 total doses administered in the past day, up 599 from the day before. 
2,800 have received the first dose, up 599 from the day before. 1.3% of the population has received first dose. 
0 have received both doses, up 0 from the day before. 0.0% of the population is fully vaccinated."
"Champaign",3239,439,264,0,"12/31/2020 12:00:00 AM",0,2020-12-31,3239,0.0154250582189987,439,0,"3,239 total doses administered in the past day, up 439 from the day before. 
3,239 have received the first dose, up 439 from the day before. 1.5% of the population has received first dose. 
0 have received both doses, up 0 from the day before. 0.0% of the population is fully vaccinated."
"Champaign",3545,306,266,0,"1/1/2021 12:00:00 AM",0,2021-01-01,3545,0.0168823190448751,306,0,"3,545 total doses administered in the past day, up 306 from the day before. 
3,545 have received the first dose, up 306 from the day before. 1.7% of the population has received first dose. 
0 have received both doses, up 0 from the day before. 0.0% of the population is fully vaccinated."
"Champaign",3933,388,297,0,"1/2/2021 12:00:00 AM",0,2021-01-02,3933,0.0187300876737641,388,0,"3,933 total doses administered in the past day, up 388 from the day before. 
3,933 have received the first dose, up 388 from the day before. 1.9% of the population has received first dose. 
0 have received both doses, up 0 from the day before. 0.0% of the population is fully vaccinated."
"Champaign",4317,384,351,0,"1/3/2021 12:00:00 AM",0,2021-01-03,4317,0.0205588071415305,384,0,"4,317 total doses administered in the past day, up 384 from the day before. 
4,317 have received the first dose, up 384 from the day before. 2.1% of the population has received first dose. 
0 have received both doses, up 0 from the day before. 0.0% of the population is fully vaccinated."
"Champaign",4880,563,405,0,"1/4/2021 12:00:00 AM",0,2021-01-04,4880,0.0232399765695318,563,0,"4,880 total doses administered in the past day, up 563 from the day before. 
4,880 have received the first dose, up 563 from the day before. 2.3% of the population has received first dose. 
0 have received both doses, up 0 from the day before. 0.0% of the population is fully vaccinated."
"Champaign",5389,509,455,1,"1/5/2021 12:00:00 AM",4.76229028064177e-06,2021-01-05,5388,0.0256592200320978,508,1,"5,389 total doses administered in the past day, up 509 from the day before. 
5,388 have received the first dose, up 508 from the day before. 2.6% of the population has received first dose. 
1 have received both doses, up 1 from the day before. 0.0% of the population is fully vaccinated."
"Champaign",5724,335,418,8,"1/6/2021 12:00:00 AM",3.80983222451341e-05,2021-01-06,5716,0.0272212512441483,328,7,"5,724 total doses administered in the past day, up 335 from the day before. 
5,716 have received the first dose, up 328 from the day before. 2.7% of the population has received first dose. 
8 have received both doses, up 7 from the day before. 0.0% of the population is fully vaccinated."
"Champaign",6026,302,398,198,"1/7/2021 12:00:00 AM",0.00094293347556707,2021-01-07,5828,0.0277546277555802,112,190,"6,026 total doses administered in the past day, up 302 from the day before. 
5,828 have received the first dose, up 112 from the day before. 2.8% of the population has received first dose. 
198 have received both doses, up 190 from the day before. 0.1% of the population is fully vaccinated."
"Champaign",6512,486,424,480,"1/8/2021 12:00:00 AM",0.00228589933470805,2021-01-08,6032,0.0287261349728311,204,282,"6,512 total doses administered in the past day, up 486 from the day before. 
6,032 have received the first dose, up 204 from the day before. 2.9% of the population has received first dose. 
480 have received both doses, up 282 from the day before. 0.2% of the population is fully vaccinated."
"Champaign",6944,432,430,483,"1/9/2021 12:00:00 AM",0.00230018620554997,2021-01-09,6461,0.0307691575032265,429,3,"6,944 total doses administered in the past day, up 432 from the day before. 
6,461 have received the first dose, up 429 from the day before. 3.1% of the population has received first dose. 
483 have received both doses, up 3 from the day before. 0.2% of the population is fully vaccinated."
"Champaign",7226,282,416,483,"1/10/2021 12:00:00 AM",0.00230018620554997,2021-01-10,6743,0.0321121233623674,282,0,"7,226 total doses administered in the past day, up 282 from the day before. 
6,743 have received the first dose, up 282 from the day before. 3.2% of the population has received first dose. 
483 have received both doses, up 0 from the day before. 0.2% of the population is fully vaccinated."
"Champaign",7327,101,350,499,"1/11/2021 12:00:00 AM",0.00237638285004024,2021-01-11,6828,0.032516918036222,85,16,"7,327 total doses administered in the past day, up 101 from the day before. 
6,828 have received the first dose, up 85 from the day before. 3.3% of the population has received first dose. 
499 have received both doses, up 16 from the day before. 0.2% of the population is fully vaccinated."
"Champaign",8219,892,404,525,"1/12/2021 12:00:00 AM",0.00250020239733693,2021-01-12,7694,0.0366410614192577,866,26,"8,219 total doses administered in the past day, up 892 from the day before. 
7,694 have received the first dose, up 866 from the day before. 3.7% of the population has received first dose. 
525 have received both doses, up 26 from the day before. 0.3% of the population is fully vaccinated."
"Champaign",9658,1439,562,923,"1/13/2021 12:00:00 AM",0.00439559392903235,2021-01-13,8735,0.0415986056014058,1041,398,"9,658 total doses administered in the past day, up 1,439 from the day before. 
8,735 have received the first dose, up 1,041 from the day before. 4.2% of the population has received first dose. 
923 have received both doses, up 398 from the day before. 0.4% of the population is fully vaccinated."
"Champaign",11124,1466,728,1382,"1/14/2021 12:00:00 AM",0.00658148516784692,2021-01-14,9742,0.0463942319140121,1007,459,"11,124 total doses administered in the past day, up 1,466 from the day before. 
9,742 have received the first dose, up 1,007 from the day before. 4.6% of the population has received first dose. 
1,382 have received both doses, up 459 from the day before. 0.7% of the population is fully vaccinated."
"Champaign",12008,884,785,1817,"1/15/2021 12:00:00 AM",0.00865308143992609,2021-01-15,10191,0.0485325002500202,449,435,"12,008 total doses administered in the past day, up 884 from the day before. 
10,191 have received the first dose, up 449 from the day before. 4.9% of the population has received first dose. 
1,817 have received both doses, up 435 from the day before. 0.9% of the population is fully vaccinated."
"Champaign",12321,313,768,2018,"1/16/2021 12:00:00 AM",0.00961030178633508,2021-01-16,10303,0.0490658767614521,112,201,"12,321 total doses administered in the past day, up 313 from the day before. 
10,303 have received the first dose, up 112 from the day before. 4.9% of the population has received first dose. 
2,018 have received both doses, up 201 from the day before. 1.0% of the population is fully vaccinated."
"Champaign",12410,89,741,2025,"1/17/2021 12:00:00 AM",0.00964363781829958,2021-01-17,10385,0.0494563845644647,82,7,"12,410 total doses administered in the past day, up 89 from the day before. 
10,385 have received the first dose, up 82 from the day before. 4.9% of the population has received first dose. 
2,025 have received both doses, up 7 from the day before. 1.0% of the population is fully vaccinated."
"Champaign",12697,287,767,2031,"1/18/2021 12:00:00 AM",0.00967221155998343,2021-01-18,10666,0.0507945881333251,281,6,"12,697 total doses administered in the past day, up 287 from the day before. 
10,666 have received the first dose, up 281 from the day before. 5.1% of the population has received first dose. 
2,031 have received both doses, up 6 from the day before. 1.0% of the population is fully vaccinated."
"Champaign",14107,1410,841,2037,"1/19/2021 12:00:00 AM",0.00970078530166728,2021-01-19,12070,0.0574808436873461,1404,6,"14,107 total doses administered in the past day, up 1,410 from the day before. 
12,070 have received the first dose, up 1,404 from the day before. 5.7% of the population has received first dose. 
2,037 have received both doses, up 6 from the day before. 1.0% of the population is fully vaccinated."
"Champaign",15592,1485,848,2177,"1/20/2021 12:00:00 AM",0.0103675059409571,2021-01-20,13415,0.0638861241148093,1345,140,"15,592 total doses administered in the past day, up 1,485 from the day before. 
13,415 have received the first dose, up 1,345 from the day before. 6.4% of the population has received first dose. 
2,177 have received both doses, up 140 from the day before. 1.0% of the population is fully vaccinated."
"Champaign",16895,1303,824,2202,"1/21/2021 12:00:00 AM",0.0104865631979732,2021-01-21,14693,0.0699723310934695,1278,25,"16,895 total doses administered in the past day, up 1,303 from the day before. 
14,693 have received the first dose, up 1,278 from the day before. 7.0% of the population has received first dose. 
2,202 have received both doses, up 25 from the day before. 1.0% of the population is fully vaccinated."
"Champaign",18348,1453,906,2330,"1/22/2021 12:00:00 AM",0.0110961363538953,2021-01-22,16018,0.0762823657153198,1325,128,"18,348 total doses administered in the past day, up 1,453 from the day before. 
16,018 have received the first dose, up 1,325 from the day before. 7.6% of the population has received first dose. 
2,330 have received both doses, up 128 from the day before. 1.1% of the population is fully vaccinated."
"Champaign",18671,323,907,2334,"1/23/2021 12:00:00 AM",0.0111151855150179,2021-01-23,16337,0.0778015363148445,319,4,"18,671 total doses administered in the past day, up 323 from the day before. 
16,337 have received the first dose, up 319 from the day before. 7.8% of the population has received first dose. 
2,334 have received both doses, up 4 from the day before. 1.1% of the population is fully vaccinated."
"Champaign",18688,17,897,2334,"1/24/2021 12:00:00 AM",0.0111151855150179,2021-01-24,16354,0.0778824952496154,17,0,"18,688 total doses administered in the past day, up 17 from the day before. 
16,354 have received the first dose, up 17 from the day before. 7.8% of the population has received first dose. 
2,334 have received both doses, up 0 from the day before. 1.1% of the population is fully vaccinated."
"Champaign",18847,159,879,2354,"1/25/2021 12:00:00 AM",0.0112104313206307,2021-01-25,16493,0.0785444535986247,139,20,"18,847 total doses administered in the past day, up 159 from the day before. 
16,493 have received the first dose, up 139 from the day before. 7.9% of the population has received first dose. 
2,354 have received both doses, up 20 from the day before. 1.1% of the population is fully vaccinated."
"Champaign",21135,2288,1004,2520,"1/26/2021 12:00:00 AM",0.0120009715072173,2021-01-26,18615,0.0886500335741465,2122,166,"21,135 total doses administered in the past day, up 2,288 from the day before. 
18,615 have received the first dose, up 2,122 from the day before. 8.9% of the population has received first dose. 
2,520 have received both doses, up 166 from the day before. 1.2% of the population is fully vaccinated."
"Champaign",23621,2486,1147,3009,"1/27/2021 12:00:00 AM",0.0143297314544511,2021-01-27,20612,0.0981603272645881,1997,489,"23,621 total doses administered in the past day, up 2,486 from the day before. 
20,612 have received the first dose, up 1,997 from the day before. 9.8% of the population has received first dose. 
3,009 have received both doses, up 489 from the day before. 1.4% of the population is fully vaccinated."
"Champaign",26135,2514,1320,3475,"1/28/2021 12:00:00 AM",0.0165489587252301,2021-01-28,22660,0.107913497759342,2048,466,"26,135 total doses administered in the past day, up 2,514 from the day before. 
22,660 have received the first dose, up 2,048 from the day before. 10.8% of the population has received first dose. 
3,475 have received both doses, up 466 from the day before. 1.7% of the population is fully vaccinated."
"Champaign",27412,1277,1295,3895,"1/29/2021 12:00:00 AM",0.0185491206430997,2021-01-29,23517,0.111994780529852,857,420,"27,412 total doses administered in the past day, up 1,277 from the day before. 
23,517 have received the first dose, up 857 from the day before. 11.2% of the population has received first dose. 
3,895 have received both doses, up 420 from the day before. 1.9% of the population is fully vaccinated."
"Champaign",28345,933,1382,4356,"1/30/2021 12:00:00 AM",0.0207445364624755,2021-01-30,23989,0.114242581542315,472,461,"28,345 total doses administered in the past day, up 933 from the day before. 
23,989 have received the first dose, up 472 from the day before. 11.4% of the population has received first dose. 
4,356 have received both doses, up 461 from the day before. 2.1% of the population is fully vaccinated."
"Champaign",29489,1144,1543,4805,"1/31/2021 12:00:00 AM",0.0228828047984837,2021-01-31,24684,0.117552373287361,695,449,"29,489 total doses administered in the past day, up 1,144 from the day before. 
24,684 have received the first dose, up 695 from the day before. 11.8% of the population has received first dose. 
4,805 have received both doses, up 449 from the day before. 2.3% of the population is fully vaccinated."
"Champaign",30360,871,1645,5216,"2/1/2021 12:00:00 AM",0.0248401061038275,2021-02-01,25144,0.119743026816457,460,411,"30,360 total doses administered in the past day, up 871 from the day before. 
25,144 have received the first dose, up 460 from the day before. 12.0% of the population has received first dose. 
5,216 have received both doses, up 411 from the day before. 2.5% of the population is fully vaccinated."
"Champaign",32682,2322,1650,5848,"2/2/2021 12:00:00 AM",0.027849873561193,2021-02-02,26834,0.127791297390741,1690,632,"32,682 total doses administered in the past day, up 2,322 from the day before. 
26,834 have received the first dose, up 1,690 from the day before. 12.8% of the population has received first dose. 
5,848 have received both doses, up 632 from the day before. 2.8% of the population is fully vaccinated."
"Champaign",34792,2110,1596,6256,"2/3/2021 12:00:00 AM",0.0297928879956949,2021-02-03,28536,0.135896715448393,1702,408,"34,792 total doses administered in the past day, up 2,110 from the day before. 
28,536 have received the first dose, up 1,702 from the day before. 13.6% of the population has received first dose. 
6,256 have received both doses, up 408 from the day before. 3.0% of the population is fully vaccinated."
"Champaign",37430,2638,1614,6832,"2/4/2021 12:00:00 AM",0.0325359671973445,2021-02-04,30598,0.145716558007077,2062,576,"37,430 total doses administered in the past day, up 2,638 from the day before. 
30,598 have received the first dose, up 2,062 from the day before. 14.6% of the population has received first dose. 
6,832 have received both doses, up 576 from the day before. 3.3% of the population is fully vaccinated."
"Champaign",39892,2462,1783,7429,"2/5/2021 12:00:00 AM",0.0353790544948877,2021-02-05,32463,0.154598229380474,1865,597,"39,892 total doses administered in the past day, up 2,462 from the day before. 
32,463 have received the first dose, up 1,865 from the day before. 15.5% of the population has received first dose. 
7,429 have received both doses, up 597 from the day before. 3.5% of the population is fully vaccinated."
"Champaign",41395,1503,1864,7690,"2/6/2021 12:00:00 AM",0.0366220122581352,2021-02-06,33705,0.160512993909031,1242,261,"41,395 total doses administered in the past day, up 1,503 from the day before. 
33,705 have received the first dose, up 1,242 from the day before. 16.1% of the population has received first dose. 
7,690 have received both doses, up 261 from the day before. 3.7% of the population is fully vaccinated."
"Champaign",42041,646,1793,7691,"2/7/2021 12:00:00 AM",0.0366267745484158,2021-02-07,34350,0.163584671140045,645,1,"42,041 total doses administered in the past day, up 646 from the day before. 
34,350 have received the first dose, up 645 from the day before. 16.4% of the population has received first dose. 
7,691 have received both doses, up 1 from the day before. 3.7% of the population is fully vaccinated."
"Champaign",43528,1487,1881,8353,"2/8/2021 12:00:00 AM",0.0397794107142007,2021-02-08,35175,0.167513560621574,825,662,"43,528 total doses administered in the past day, up 1,487 from the day before. 
35,175 have received the first dose, up 825 from the day before. 16.8% of the population has received first dose. 
8,353 have received both doses, up 662 from the day before. 4.0% of the population is fully vaccinated."
"Champaign",44615,1087,1705,8722,"2/9/2021 12:00:00 AM",0.0415366958277575,2021-02-09,35893,0.170932885043075,718,369,"44,615 total doses administered in the past day, up 1,087 from the day before. 
35,893 have received the first dose, up 718 from the day before. 17.1% of the population has received first dose. 
8,722 have received both doses, up 369 from the day before. 4.2% of the population is fully vaccinated."
"Champaign",46758,2143,1709,9899,"2/10/2021 12:00:00 AM",0.0471419114880728,2021-02-10,36859,0.175533257454175,966,1177,"46,758 total doses administered in the past day, up 2,143 from the day before. 
36,859 have received the first dose, up 966 from the day before. 17.6% of the population has received first dose. 
9,899 have received both doses, up 1,177 from the day before. 4.7% of the population is fully vaccinated."
"Champaign",49191,2433,1680,10695,"2/11/2021 12:00:00 AM",0.0509326945514637,2021-02-11,38496,0.183329126643585,1637,796,"49,191 total doses administered in the past day, up 2,433 from the day before. 
38,496 have received the first dose, up 1,637 from the day before. 18.3% of the population has received first dose. 
10,695 have received both doses, up 796 from the day before. 5.1% of the population is fully vaccinated."
"Champaign",51399,2208,1644,11511,"2/12/2021 12:00:00 AM",0.0548187234204674,2021-02-12,39888,0.189958234714239,1392,816,"51,399 total doses administered in the past day, up 2,208 from the day before. 
39,888 have received the first dose, up 1,392 from the day before. 19.0% of the population has received first dose. 
11,511 have received both doses, up 816 from the day before. 5.5% of the population is fully vaccinated."
"Champaign",52668,1269,1610,11739,"2/13/2021 12:00:00 AM",0.0559045256044537,2021-02-13,40929,0.194915778896387,1041,228,"52,668 total doses administered in the past day, up 1,269 from the day before. 
40,929 have received the first dose, up 1,041 from the day before. 19.5% of the population has received first dose. 
11,739 have received both doses, up 228 from the day before. 5.6% of the population is fully vaccinated."
"Champaign",53441,773,1629,11769,"2/14/2021 12:00:00 AM",0.056047394312873,2021-02-14,41672,0.198454160574904,743,30,"53,441 total doses administered in the past day, up 773 from the day before. 
41,672 have received the first dose, up 743 from the day before. 19.8% of the population has received first dose. 
11,769 have received both doses, up 30 from the day before. 5.6% of the population is fully vaccinated."
"Champaign",53899,458,1482,11929,"2/15/2021 12:00:00 AM",0.0568093607577756,2021-02-15,41970,0.199873323078535,298,160,"53,899 total doses administered in the past day, up 458 from the day before. 
41,970 have received the first dose, up 298 from the day before. 20.0% of the population has received first dose. 
11,929 have received both doses, up 160 from the day before. 5.7% of the population is fully vaccinated."
